23240812116
20210694832
19200021104
23240876310
22230661773
23240892387
21220945951
21220083170
23240773223
20210175489
21220877073
21220935688
20210920211
23241024774
20210790379
19200517341
23241019567
20210395597
19200076928
20210293817
23241021058
23241027450
23240825045
19200685168
23241022298
23241033533
23241033427
23240823338
23241033450
23241026051
23241026223
23241028930
19200357167
19200226271
19200672493
20210246937
19200495412
19200356697
23240826909
20210512884
23240393286
20210777188
19200130238
19200131252
23240825925
20210720518
23240847352
23240845237
20210107949
20210497211
23240771720
19200260687
23240770768
19200285760
19200004489
23240771752
23240846314
23240774029
23240771748
20210222234
20210622561
23240855301
23240702250
23240855258
19200334802
23240772273
23240831161
23240855982
23240849447
23240771740
20210096848
19200044995
19200050506
20210376210
19200174283
20210734039
20210679746
21220488800
20210902443
23240993340
23240756559
20210420449
21220087849
23241018943
19200612625
21220254776
23240732775
19200365931
19200356731
19200465031
21220916351
20210666257
23241012056
23240825836
23240716053
20210352285
20210924079
19200684055
20210928220
23240857010
21220848762
23240858675
20210637362
19200518277
19200329803
19200243829
22230706469
20210592704
21220290900
20210718931
23240962897
22230702764
20210432655
23240702166
23240974028
23240856972
21220412663
20210258780
20210261977
20210954233
22230027784
23240973116
20210602822
21220372706
23240849166
21220940507
19200208069
19200397489
23240839174
23240858775
21220091666
19200104557
22230310544
21220085076
20210025840
23241017897
21220182580
20210492448
20210539135
21220094389
19200108489
21220588228
19200441697
23241021953
23240819215
20210759993
19200061619
21220729731
19200317492
21220633179
20210157139
23240944908
21220024439
21220292472
21220321326
23240828933
21220507906
21220870984
21220404640
21220741750
21220216461
21220738193
21220695513
23240842047
20210357010
21221000262
23241008768
23241027281